  -7.4267337736752806e+03
  -7.5810236392494699e+03
  -7.6532148867897140e+03
  -7.6645069682199774e+03
  -7.4339774848658735e+03
  -7.1611580350722452e+03
  -6.8646788922820815e+03
  -6.7098599189205597e+03
  -6.6773113737388167e+03
  -6.5585668455221121e+03
  -6.5045999579288400e+03
  -6.3503527946374224e+03
  -6.2255258275591932e+03
  -6.0830006928916800e+03
  -5.9733720127821198e+03
  -5.9338029922155065e+03
  -5.9754821859704716e+03
  -5.9815149664758110e+03
  -6.0066407336987077e+03
  -5.9397458189667514e+03
  -5.9484812767572193e+03
  -5.9777469548376312e+03
  -6.0364787665106869e+03
  -5.9457101725862776e+03
  -5.9820980371433743e+03
  -6.0093106183858517e+03
  -6.0045601015145885e+03
  -5.9738190701716094e+03
  -5.9939486399101916e+03
  -5.9645461219868084e+03
  -6.0321280789735365e+03
  -5.9964581329987395e+03
  -5.9783996948389540e+03
  -5.9771746438894706e+03
  -6.0099390994514442e+03
  -5.9974501012180453e+03
  -5.9929484021173330e+03
  -5.9447819494461301e+03
  -5.9714194696833511e+03
  -5.9888587498216230e+03
  -6.0060748000140657e+03
  -5.9803052960970990e+03
  -6.0356721879209881e+03
  -6.0152840616153298e+03
  -6.0128603434718689e+03
  -6.0610322842976211e+03
  -6.0892801938252724e+03
  -6.0462307990488071e+03
  -5.9670214463773045e+03
  -5.9596044964328776e+03
  -5.9269542136411774e+03
  -5.9152199345363915e+03
  -5.9512933001359788e+03
  -5.9138671611478458e+03
  -5.9793039594552019e+03
  -6.0244340580639955e+03
  -5.9905815867601841e+03
  -5.9907689060366210e+03
  -5.9817388763249191e+03
  -5.9368782349521762e+03
  -5.9905462807872482e+03
  -6.0417445032772312e+03
  -6.0341163012778670e+03
  -5.9769611830387103e+03
  -6.0050527517179144e+03
  -6.0039545237681741e+03
  -5.9701158136868962e+03
  -5.9751852294725941e+03
  -5.9502189567863661e+03
  -6.0010605579427429e+03
  -5.9372922253029710e+03
  -5.9899269939349633e+03
  -6.0208952672817477e+03
  -6.0130906642819391e+03
  -6.0254654684502475e+03
  -5.9406501060981664e+03
  -5.9622670103603150e+03
  -5.9926807032495808e+03
  -5.9817817701758258e+03
  -6.0034106739372528e+03
  -6.0507803410778688e+03
  -6.0515468005534167e+03
  -6.0792353378748949e+03
  -5.9911990919782947e+03
  -6.0118134160088612e+03
  -6.0303127931096724e+03
  -5.9778900852728802e+03
  -5.9130683883229967e+03
  -5.9212016838413992e+03
  -5.9178830865045420e+03
  -5.9957076045333479e+03
  -6.0369055617116192e+03
  -6.0171499845792823e+03
  -6.0471262119994844e+03
  -6.0363360554582059e+03
  -6.0376185565946198e+03
  -6.0621750581619763e+03
  -5.9763672626857069e+03
  -5.9314369332225597e+03
  -5.9851172789761422e+03
  -5.9176063720102902e+03
  -5.9213688278726722e+03
  -5.9820389129357163e+03
  -5.9585882208187149e+03
  -5.9253558926876622e+03
  -5.9143154790767712e+03
  -5.8861691213135709e+03
  -5.9117168772439454e+03
  -5.9640440084598704e+03
  -5.9949639333447676e+03
  -5.9422306287933661e+03
  -5.9076720743267715e+03
  -5.9265623471899225e+03
  -5.9765225758148454e+03
  -5.9704594664427450e+03
  -5.9932439521590459e+03
  -6.0176878564568096e+03
  -5.9894807881032011e+03
  -6.0380180815466292e+03
  -6.0641718465826279e+03
  -6.0516827556680419e+03
  -6.0241704068857280e+03
  -6.0862118138230062e+03
  -6.0502112530411732e+03
  -6.0288416172050001e+03
  -5.9943686133174297e+03
  -6.0645416571425158e+03
  -6.0471991022573393e+03
  -6.0244165865635305e+03
  -5.9411250124349690e+03
  -5.9421369056707081e+03
  -5.9669753412029841e+03
  -5.9278277760882447e+03
  -5.9681698240352716e+03
  -5.9972969657014519e+03
  -6.0337320014342304e+03
  -6.0202973765306942e+03
  -5.9740227225690815e+03
  -5.9530774743359334e+03
  -5.9501315212945083e+03
  -5.9925647213225311e+03
  -6.0308183373274887e+03
  -5.9916893936739598e+03
  -6.0001353044874049e+03
  -6.0676986533460531e+03
  -6.0832449963447134e+03
  -5.9903273653251972e+03
  -5.9593510557849186e+03
  -5.9630317462219473e+03
  -5.9345564763854481e+03
  -5.9816125633767097e+03
  -5.9869807216612408e+03
  -5.9752080652786599e+03
  -5.9952461319900394e+03
  -6.0213634389439667e+03
  -5.9373467896548864e+03
  -6.0076384460895060e+03
  -6.0115748727649743e+03
  -5.9957248627853060e+03
  -6.0021435217097714e+03
  -5.9657879190322037e+03
  -6.0020765503084367e+03
  -6.0288825860975439e+03
  -5.9788604601002125e+03
  -5.9544386180063066e+03
  -6.0009470314701121e+03
  -5.9894184542962339e+03
  -5.9627632928116091e+03
  -6.0205320836292130e+03
  -6.0113876647847756e+03
  -5.9655834120686095e+03
  -5.9815588546447425e+03
  -5.9764744290776534e+03
  -5.9686845219304150e+03
  -6.0005494537685590e+03
  -5.9808689688199693e+03
  -5.9913669671512025e+03
  -5.9838321809064828e+03
  -6.0351053404246841e+03
  -5.9819732684002865e+03
  -6.0453935134264921e+03
  -5.9692669138712909e+03
  -5.9944913318940435e+03
  -5.9652624988310627e+03
  -5.9642899805682709e+03
  -5.9246041648553546e+03
  -5.8590655217471431e+03
  -5.9126629885068560e+03
  -5.8760909654487532e+03
  -5.9318535071335782e+03
  -5.9083115898681308e+03
  -5.9510216931321684e+03
  -5.9076632249579670e+03
  -5.8833270556130610e+03
  -5.9555989777212926e+03
  -5.9368029116673933e+03
  -5.9885892338109306e+03
  -5.9923036359966518e+03
  -6.0090215762312373e+03
  -6.0489892886717489e+03
  -6.0200888079107290e+03
  -6.0335628291114526e+03
  -6.0041445114336457e+03
  -5.9431854972572874e+03
  -5.9449303847174360e+03
  -5.9320390598287559e+03
  -5.8561078667324309e+03
  -5.8796314708438595e+03
  -5.8977596217587370e+03
  -5.9174593316406981e+03
  -5.9353497921054222e+03
  -5.9168085421407168e+03
  -5.9188575734578781e+03
  -5.9146046853318976e+03
  -5.9356723672935923e+03
  -5.8940253126303005e+03
  -5.9302836866675243e+03
  -5.9041157603433358e+03
  -5.9475843065348172e+03
  -5.9914659531778543e+03
  -6.0348321031986961e+03
  -6.1136680161073609e+03
  -6.0973701658440013e+03
  -6.0389844630514172e+03
  -5.9907293015061323e+03
  -5.9845955097744345e+03
  -5.9661171906626723e+03
  -6.0009154431342013e+03
  -6.0063550738666136e+03
  -5.9647460896638795e+03
  -5.9443136243233494e+03
  -5.9455493595881526e+03
  -5.9428660063147336e+03
  -5.9892744555324562e+03
  -5.9870198025318678e+03
  -5.9852274593424363e+03
  -5.9799705369317035e+03
  -6.0072275608912923e+03
  -6.0135143250479332e+03
  -6.0410519590074682e+03
  -6.0253988613089086e+03
  -6.0148391694551674e+03
  -5.9508695295000307e+03
  -5.9373930720454955e+03
  -5.9553519908709850e+03
  -5.9690582348649859e+03
  -5.8964155317476161e+03
  -5.9604546580168308e+03
  -5.9938801694295971e+03
  -5.9993287618397562e+03
  -6.0055016792381548e+03
  -6.0042760116785830e+03
  -6.0241268439178712e+03
  -6.0357780857998887e+03
  -6.0426477280513873e+03
  -6.0172659182175630e+03
  -5.9895286517756422e+03
  -6.0334969950513278e+03
  -6.0080923890710119e+03
  -6.0035841930010474e+03
  -6.0305523065394509e+03
  -5.9871666233863998e+03
  -5.9506504409476338e+03
  -5.9617314379503805e+03
  -5.9919080694670974e+03
  -6.0330406977434386e+03
  -6.0309676717413422e+03
  -5.9899550144598879e+03
  -6.0166771534022992e+03
  -5.9671357671427586e+03
  -5.9676139591593164e+03
  -6.0178348892948825e+03
  -6.0630344342770632e+03
  -6.0477225356637964e+03
  -6.0403240370649173e+03
  -6.0202257630479708e+03
  -6.0351123887730973e+03
  -6.0934369443005944e+03
  -6.0580539346383357e+03
  -6.0643875590303005e+03
  -5.9834545538194243e+03
  -6.0817032381811714e+03
  -6.0297529079783180e+03
  -6.0501489219478544e+03
  -6.0532255237912586e+03
  -6.0616277187315172e+03
  -6.0948428583115883e+03
  -6.0426513208797724e+03
  -6.0597465575063216e+03
  -6.0596735468631041e+03
  -6.0513305523296776e+03
  -6.0534637396732187e+03
  -5.9732764926222235e+03
  -5.9572675062669023e+03
  -6.0317727839740974e+03
  -6.0261244010836799e+03
  -6.0383642167659482e+03
  -6.0285590124125274e+03
  -6.0955052038465456e+03
  -6.0506695830307335e+03
  -6.0702899492518836e+03
  -5.9957919696927311e+03
  -5.9283111343243272e+03
  -5.9742054127895244e+03
  -6.0380505718597760e+03
  -5.9329488321993458e+03
  -6.0079530663221540e+03
  -6.0129344443869786e+03
  -6.0057666356475947e+03
  -6.0554878730432283e+03
  -6.0287743326930595e+03
  -5.9593634822534495e+03
  -5.9687396692794637e+03
  -5.9136996987336497e+03
  -5.9070728910956350e+03
  -5.9424517412602518e+03
  -5.9522349451829186e+03
  -5.9434952071339794e+03
  -5.9694093963844571e+03
  -5.9518577990992453e+03
  -6.0601275834296721e+03
  -6.0841827894562575e+03
  -6.0161251264095681e+03
  -5.9736345531389497e+03
  -5.9690889242911207e+03
  -5.9980199245050899e+03
  -5.9975254848910736e+03
  -6.0184934746656372e+03
  -5.9720078127577908e+03
  -5.9798310256418445e+03
  -5.9581352130938230e+03
  -5.9375783104308857e+03
  -5.9441698310509155e+03
  -5.9060261324420098e+03
  -5.9421721700878325e+03
  -5.9167188335274031e+03
  -5.9673395651413075e+03
  -5.9372712758486659e+03
  -5.9516099094129095e+03
  -5.9960376746388547e+03
  -5.9371180238460029e+03
  -5.9200599457157559e+03
  -5.9119847997807265e+03
  -5.9835452077507416e+03
  -6.0030353251231918e+03
  -6.0511660322131802e+03
  -6.0194096496007505e+03
  -5.9868995139346680e+03
  -6.0312746013142205e+03
  -5.9921294677360311e+03
  -5.9992484638885426e+03
  -5.9693628557153161e+03
  -5.9281996531255554e+03
  -5.8268904595663398e+03
  -5.8909962475122875e+03
  -5.9296403332749724e+03
  -5.9029906459955064e+03
  -5.9399808761620598e+03
  -5.8872732928270243e+03
  -5.9211877077006729e+03
  -5.9226446388707755e+03
  -5.9449396819676140e+03
  -5.8911711788079547e+03
  -5.9388099780857128e+03
  -5.8815523227450458e+03
  -5.8548103457260086e+03
  -5.9034251928924195e+03
  -5.9207947086097165e+03
  -5.9398854171992007e+03
  -5.9349981037116313e+03
  -5.9256090821670577e+03
  -5.9173845654418046e+03
  -5.9701344522458521e+03
  -5.9641314736002068e+03
  -6.0670662881643266e+03
  -6.0435226212837206e+03
  -5.9719500525820631e+03
  -5.9797367151177659e+03
  -6.0097981776230145e+03
  -6.0410004363353482e+03
  -5.9231653962104474e+03
  -5.9408104779539244e+03
  -5.9355007386599955e+03
  -5.9720321505343900e+03
  -6.0037419255724399e+03
  -5.9605982028975923e+03
  -5.9949477183594327e+03
  -6.0080076926969932e+03
  -5.9541476322429098e+03
  -6.0186566961587023e+03
  -5.9940575375648059e+03
  -5.9557602262336386e+03
  -5.9415470785353000e+03
  -5.9838010718745845e+03
  -5.9837182069870960e+03
  -5.9691222004870033e+03
  -6.0129752508146812e+03
  -5.9818628145520979e+03
  -6.0541858182219330e+03
  -5.9986409878460399e+03
  -5.9924692322625760e+03
  -6.0224143144947921e+03
  -6.0268773127017148e+03
  -5.9948862976622904e+03
  -5.9612779695180707e+03
  -5.9491381222816135e+03
  -5.9555029417271162e+03
  -6.0061685742019654e+03
  -5.9225092588972657e+03
  -5.9245256250007369e+03
  -5.9046634539660645e+03
  -5.9486542633895078e+03
  -5.9765321618970429e+03
  -5.9655746677835523e+03
  -5.9309468368902772e+03
  -5.9542232247335987e+03
  -6.0021379127573136e+03
  -5.9721316643978880e+03
  -5.9746391037959665e+03
  -5.9483287360123777e+03
  -5.9828294261338478e+03
  -5.9567023824303124e+03
  -5.9159495711391810e+03
  -6.0037846998274526e+03
  -5.9554738336807577e+03
  -5.9583641797853279e+03
  -5.9878259243255070e+03
  -6.0013341141721603e+03
  -6.0079901555432843e+03
  -6.0082816333703458e+03
  -6.0285136306162231e+03
  -6.0278686476754865e+03
  -5.9911148439600674e+03
  -6.0862998417098588e+03
  -6.0438700398680148e+03
  -6.0542879733217815e+03
  -6.0170045364687840e+03
  -6.0397119781870197e+03
  -5.9958504712732565e+03
  -5.9779822515365004e+03
  -5.9677290318161868e+03
  -5.9694548249809541e+03
  -5.9948772382777761e+03
  -5.9661124539996727e+03
  -6.0193838348259469e+03
  -6.0340142327896465e+03
  -5.9902288104413910e+03
  -6.0182799744572003e+03
  -5.9514322323931638e+03
  -5.9969756969326854e+03
  -5.9278503218623355e+03
  -5.9135097824454233e+03
  -5.9137733848142070e+03
  -5.9545679813651641e+03
  -5.9669305803811285e+03
  -5.9839900871755490e+03
  -6.0185224918989697e+03
  -5.9743926348522273e+03
  -5.9578046879190670e+03
  -5.9713023671565470e+03
  -5.9790942121042026e+03
  -5.9752635454593174e+03
  -5.9925365543926491e+03
  -5.9088808588794263e+03
  -5.9398431039472125e+03
  -5.9969370383372279e+03
  -5.9783063245457561e+03
  -5.9415879024110700e+03
  -5.8974223386777385e+03
  -5.8817583451833470e+03
  -5.8466704799135450e+03
  -5.8276877026400689e+03
  -5.8632315465979991e+03
  -5.8299781557295428e+03
  -5.9100508051441057e+03
  -5.8366377540777530e+03
  -5.8499756575406827e+03
  -5.7556016402858522e+03
  -5.8310938518907387e+03
  -5.8516575613736059e+03
  -5.8723786505412136e+03
  -5.8903962986853739e+03
  -5.8658120718812670e+03
  -5.8520784660627269e+03
  -5.8745622816933637e+03
  -5.8195419143472554e+03
  -5.8286365394037011e+03
  -5.8953771537247885e+03
  -5.9311669273709040e+03
  -5.9001126345473067e+03
  -5.8584853912245371e+03
  -5.8006952983290921e+03
  -5.7990543646791757e+03
  -5.8183343548819466e+03
  -5.8429408228050806e+03
  -5.7713322609305114e+03
  -5.7882075821723647e+03
  -5.8266573792457184e+03
  -5.8549548193568371e+03
  -5.8016143404142977e+03
  -5.8134166848849100e+03
  -5.8025521468691404e+03
  -5.8192669793263440e+03
  -5.8496550298205857e+03
  -5.8738264696555152e+03
  -5.8909221478741556e+03
  -5.8603289272918109e+03
  -5.8561300233145757e+03
  -5.8639695946548954e+03
  -5.8530235005892901e+03
  -5.8669045139375548e+03
  -5.8485591655669277e+03
  -5.8464425905767521e+03
  -5.8603281797631353e+03
  -5.9160208973829158e+03
  -5.9128194640384063e+03
  -5.8782446851074046e+03
  -5.8647830107123846e+03
  -5.9160346498309245e+03
  -5.9237430525438267e+03
  -5.9064887679391813e+03
  -5.9260740781266031e+03
  -5.9631072068604090e+03
  -5.9972420358064892e+03
  -5.9843037583934420e+03
  -5.9589434824867158e+03
  -5.9688296027875904e+03
  -5.9799941611248132e+03
  -5.9509509352727910e+03
  -5.9921352793561500e+03
  -5.9687291615201266e+03
  -5.9626273879239488e+03
  -5.9810155188491262e+03
  -6.0128193106757690e+03
  -5.9284606364045439e+03
  -5.9967278523545774e+03
  -6.0865384916115254e+03
  -5.9870239294096446e+03
  -6.0121971927494105e+03
  -6.0252918852542398e+03
  -6.0369997111638413e+03
  -6.0441448414497208e+03
  -5.9897322248361579e+03
  -5.9851294496239680e+03
  -5.9314684684139811e+03
  -5.9763907195674528e+03
  -5.9743241113634058e+03
  -6.0114344199535726e+03
  -6.0398429948872608e+03
  -6.0377957953814748e+03
  -6.0280263727698184e+03
  -6.0108081004891246e+03
  -6.0108788435970455e+03
  -5.9913425693972476e+03
  -6.0049749676947840e+03
  -6.0134923272782180e+03
  -6.0266153652998473e+03
  -6.0328680717636262e+03
  -5.9818064102487178e+03
  -5.9952156379019007e+03
  -6.0411219036868943e+03
  -6.0216366685311477e+03
  -5.9780463115028670e+03
  -6.0310327110393773e+03
  -6.0560423896900566e+03
  -6.0213098862352463e+03
  -5.9883595715484707e+03
  -5.9898263631805830e+03
  -5.9920122930702455e+03
  -6.0358823233936910e+03
  -6.0109254109295371e+03
  -6.0078136628896855e+03
  -6.0040653691712587e+03
  -6.0197261666457580e+03
  -6.0486826078353597e+03
  -6.0054535899965076e+03
  -6.0127597945122116e+03
  -5.9944597322094760e+03
  -5.9991013668858941e+03
  -5.9922125664557889e+03
  -6.0018629178310575e+03
  -6.0075600048428660e+03
  -5.9805425108194022e+03
  -5.9223192038628931e+03
  -5.9924723082657556e+03
  -5.9380197104695726e+03
  -5.9899004773901097e+03
  -6.0047892240125839e+03
  -6.0243380865733243e+03
  -6.0505552734890707e+03
  -5.9635674357960079e+03
  -5.9582788848711880e+03
  -5.9223865090271993e+03
  -5.9510231454399600e+03
  -5.9526421276028032e+03
  -6.0056382273358286e+03
  -6.0092671820441983e+03
  -5.9348488974131269e+03
  -5.9895221506983362e+03
  -6.0227113693441852e+03
  -6.0642351027606901e+03
  -6.0906167054134066e+03
  -6.0262431010941236e+03
  -5.9960935952132131e+03
  -6.0071393879364705e+03
  -6.0331769237042581e+03
  -5.9910774728974011e+03
  -5.9727702569012426e+03
  -5.9743476824450163e+03
  -5.9521381894094384e+03
  -6.0026689791019107e+03
  -5.9969800780394507e+03
  -5.9646691456793988e+03
  -5.9697457175017862e+03
  -5.9755414944944823e+03
  -5.9965930658660727e+03
  -5.9729100767584459e+03
  -5.9768912127587491e+03
  -5.9941495863021946e+03
  -5.9868863142622740e+03
  -5.9711138486178734e+03
  -5.9897000167224478e+03
  -5.9884582306264538e+03
  -5.9970559631424194e+03
  -5.9658786965451418e+03
  -5.8979728193323308e+03
  -5.9376475849725475e+03
  -5.9676505031119295e+03
  -5.9168437112743031e+03
  -5.9490182357489193e+03
  -5.9617633633316400e+03
  -5.9359714312963260e+03
  -5.9070411815554271e+03
  -5.9302309057192306e+03
  -5.9462208332360615e+03
  -5.9801844877985241e+03
  -6.0011532863797493e+03
  -5.9527399563508816e+03
  -5.9455746281397796e+03
  -5.9547145277958771e+03
  -5.9918763592312971e+03
  -5.9854349796882680e+03
  -5.9523069878071592e+03
  -5.9613718575406720e+03
  -5.9003240131038283e+03
  -5.9239109065032999e+03
  -5.9186708043562248e+03
  -5.9558528234417736e+03
  -6.0004461805503806e+03
  -5.9902146661854413e+03
  -5.9808207135307939e+03
  -5.9961929969200910e+03
  -5.9560420609892053e+03
  -5.9069810087696005e+03
  -5.9493331413079823e+03
  -5.9611916129301062e+03
  -5.9282144581017192e+03
  -5.8626786772338337e+03
  -5.9296576192798020e+03
  -5.9760056772546286e+03
  -5.9443513083329244e+03
  -5.9697502707355243e+03
  -6.0110739810576342e+03
  -5.9108569847531044e+03
  -5.9134550164275333e+03
  -5.9128533189710079e+03
  -5.9241462086398733e+03
  -5.9277034276589329e+03
  -5.9730313472264661e+03
  -5.9379391423638072e+03
  -5.9435047775082121e+03
  -5.9376363188035957e+03
  -5.8909648999690162e+03
  -5.9616794340293100e+03
  -5.9477748211773096e+03
  -6.0128382107684429e+03
  -6.0298594131503842e+03
  -5.9358705168362621e+03
  -6.0411303816559785e+03
  -5.9679719821539084e+03
  -5.9371484411499387e+03
  -5.9890016808431938e+03
  -5.9738722424540174e+03
  -5.9877295580061982e+03
  -6.0284640154534991e+03
  -6.0038868583331796e+03
  -6.0033832003394919e+03
  -5.9930685575131265e+03
  -6.0309773741287318e+03
  -5.9747627124689106e+03
  -5.9758404176428230e+03
  -5.9137391483617239e+03
  -5.9943590113180162e+03
  -6.0248813310763471e+03
  -6.0679760654606134e+03
  -6.1036126220246460e+03
  -6.0510436505536245e+03
  -6.0978396561275067e+03
  -6.1041626499595432e+03
  -6.1093492666394177e+03
  -6.0460135850042916e+03
  -6.1003711631298474e+03
  -6.0087773797413502e+03
  -5.9708645090998371e+03
  -5.9338448647191854e+03
  -5.9596801497870219e+03
  -5.9358739799297027e+03
  -5.9448525432127226e+03
  -5.9547852000458506e+03
  -5.9732702675094160e+03
  -5.9934334360853318e+03
  -6.0025468988171242e+03
  -6.0061630015745241e+03
  -6.0579368437142321e+03
  -6.0517000930398053e+03
  -6.0450006809920233e+03
  -5.9869699025338305e+03
  -5.9920883724152663e+03
  -6.0314366823194441e+03
  -6.0047834258822922e+03
  -6.0036940068114554e+03
  -6.0158644941491430e+03
  -5.9720657226720368e+03
  -5.9660638168778205e+03
  -5.9912332062740443e+03
  -5.9555858498353346e+03
  -5.9821584358381942e+03
  -5.9984617936608020e+03
  -5.9749856066021948e+03
  -5.9547439407689944e+03
  -5.9572501704474835e+03
  -5.9675590778662236e+03
  -5.9509735459151334e+03
  -5.9854939684634492e+03
  -6.0330924822054922e+03
  -6.0587389990418642e+03
  -6.0039639849673749e+03
  -6.0246723375971196e+03
  -6.0035552611710546e+03
  -6.0307454829999788e+03
  -6.0153565217964842e+03
  -6.0495441835207666e+03
  -6.0612430476520758e+03
  -6.0448596561741933e+03
  -5.9735088899477259e+03
  -5.9659105522493173e+03
  -6.0003972903576396e+03
  -6.0180308278621860e+03
  -6.0352068079900937e+03
  -5.9780516580487147e+03
  -6.0097452966594265e+03
  -5.9889083125317638e+03
  -6.0175516132667908e+03
  -5.9524494326960512e+03
  -5.9781972965574878e+03
  -5.9718531110168115e+03
  -6.0373483354434393e+03
  -5.9982039652187914e+03
  -5.9800386243666962e+03
  -5.9901855641747552e+03
  -5.9875490874496591e+03
  -6.0219698092854142e+03
  -6.0246449082430681e+03
  -6.0292884648982781e+03
  -5.9504171615173564e+03
  -5.9592595664027904e+03
  -5.9639671952757581e+03
  -5.9873672913162009e+03
  -5.9895331971350843e+03
  -5.9558205737316330e+03
  -5.9308891766408096e+03
  -5.9833977524316970e+03
  -5.9394463784383242e+03
  -5.9987014095329769e+03
  -6.0128016255796974e+03
  -5.9868424419712628e+03
  -5.9618147285481527e+03
  -6.0316573477352313e+03
  -5.9940007877117005e+03
  -5.9512929017382921e+03
  -6.0640432483087798e+03
  -6.0596456133596093e+03
  -6.0442183647136599e+03
  -6.0217981461180898e+03
  -6.0340106743375845e+03
  -6.0170555347221898e+03
  -6.0017397810930615e+03
  -5.9976267192448277e+03
  -6.0759728691258706e+03
  -6.0498710907460072e+03
  -6.0810333048838720e+03
  -6.0254749082291737e+03
  -6.0636684914401967e+03
  -6.0140795194254060e+03
  -6.0393290765950296e+03
  -6.0230774060977083e+03
  -6.0258945892060674e+03
  -6.0201110543452214e+03
  -6.0051849941458368e+03
  -6.0103889124424422e+03
  -5.9881477045317579e+03
  -5.9658219824243988e+03
  -5.9913474567693065e+03
  -5.9975162203863147e+03
  -5.9630855809516397e+03
  -5.9750591840555007e+03
  -5.9665327135964035e+03
  -5.9794577138777358e+03
  -5.9837208882364584e+03
  -5.9837436203713187e+03
  -5.9536385234674935e+03
  -5.9461121291353547e+03
  -5.9706025414578553e+03
  -5.9678482555416404e+03
  -5.8990605371093516e+03
  -5.9124483378761142e+03
  -5.9152611897951228e+03
  -5.9652697157620241e+03
  -5.9552593432616413e+03
  -5.9758808652903244e+03
  -5.9971026199914359e+03
  -6.0379650325304347e+03
  -5.9520592429308726e+03
  -5.9638114770111288e+03
  -6.0138050109230317e+03
  -5.9792393960732670e+03
  -5.9536643699637352e+03
  -5.9857403357684216e+03
  -6.0115980049780273e+03
  -6.0157742470746807e+03
  -5.9943592835308000e+03
  -6.0019514444364422e+03
  -6.0072395550411547e+03
  -5.9998699296409841e+03
  -6.0509862765598346e+03
  -6.0455766104305230e+03
  -6.0416802921361877e+03
  -6.0277751286908569e+03
  -6.0017053742360858e+03
  -6.0852683446948604e+03
  -6.0412609717166097e+03
  -6.0324066494548015e+03
  -5.9880867731951521e+03
  -5.9886438451214490e+03
  -5.9996453343777966e+03
  -6.0329817679392791e+03
  -5.9844574782600976e+03
  -6.0444481596184432e+03
  -6.0197964616385807e+03
  -6.0684946576355733e+03
  -6.0627425293768283e+03
  -6.0595511761954049e+03
  -5.9897836804965536e+03
  -5.9696878183181825e+03
  -5.9945058232693527e+03
  -6.0399518324618539e+03
  -5.9915468284175804e+03
  -5.9635340925729643e+03
  -6.0154986294740738e+03
  -6.0225873684774378e+03
  -5.9990500249825627e+03
  -6.0071359770334011e+03
  -6.0061184638227496e+03
  -5.9876822639363827e+03
  -5.9811943260979124e+03
  -6.0678760708258233e+03
  -6.0149472257856332e+03
  -5.9983217857753407e+03
  -6.0178825277838159e+03
  -6.0193326306555391e+03
  -6.0395122558358626e+03
  -6.0676953124071524e+03
  -6.0286736384477654e+03
  -5.9575184615845874e+03
  -5.9431515487156594e+03
  -5.8985265388502939e+03
  -5.9518173489189794e+03
  -5.9719215263722481e+03
  -5.9346543952468883e+03
  -5.9385549527689254e+03
  -5.9779699651387509e+03
  -6.0466716315923477e+03
  -6.0720451538722118e+03
  -6.0484081391619648e+03
  -6.0053222143685680e+03
  -5.9662358408668233e+03
  -6.0058420949778174e+03
  -6.0279465222096032e+03
  -6.0593908695835362e+03
  -6.0673708107522816e+03
  -6.0282581037906284e+03
  -6.0590809140585752e+03
  -6.0787658099503979e+03
  -6.0703295143934192e+03
  -6.0338588328717860e+03
  -6.0514304305152491e+03
  -6.0773325312469169e+03
  -6.0477957814121046e+03
  -5.9857258549896023e+03
  -5.9827969025589737e+03
  -5.9929617518829691e+03
  -6.0055119374832584e+03
  -5.9870452519062610e+03
  -5.9640797961622493e+03
  -5.9666784878358776e+03
  -6.0561778830850608e+03
  -5.9998287888996674e+03
  -6.0408579241059115e+03
  -5.9889263885770997e+03
  -5.9908697009323159e+03
  -5.9657612767591936e+03
  -5.9798320799566973e+03
  -6.0128744505939103e+03
  -6.0152076189320233e+03
  -6.0201925378132855e+03
  -6.0723845464956548e+03
  -6.0589203341388356e+03
  -5.9903318904434082e+03
  -5.9763056802304973e+03
  -5.9800674603696934e+03
  -5.9841965716018231e+03
  -5.9830537686364123e+03
  -5.9606490596463364e+03
  -5.9885779297562085e+03
  -5.9718243979390400e+03
  -6.0019071903201657e+03
  -5.9544648972741379e+03
  -5.9611157971385637e+03
  -5.9646423042981460e+03
  -5.9268361839061763e+03
  -5.9140558903583596e+03
  -5.9600710534912369e+03
  -5.9347340431033963e+03
  -5.9652604447517260e+03
  -5.9757611738081705e+03
  -5.9869348832899250e+03
  -5.9808197574685673e+03
  -5.9409023637824421e+03
  -5.9670219820478023e+03
  -6.0145244494274884e+03
  -6.0893296026874659e+03
  -5.9977926247071755e+03
  -5.9956941628662871e+03
  -5.9520906453179723e+03
  -5.9743820773140997e+03
  -5.9860864262453842e+03
  -6.0213236265319001e+03
  -5.9686250302529988e+03
  -5.9546655338291685e+03
  -5.9689896103066621e+03
  -5.9482463168199156e+03
  -5.9973216539158457e+03
  -5.9962065773540353e+03
  -5.9944484095293938e+03
  -5.9629060862551614e+03
  -5.9185389195049811e+03
  -5.9123442357381000e+03
  -5.8929209773740749e+03
  -5.8882465498601287e+03
  -5.9249516553170106e+03
  -5.9191375740244393e+03
  -5.9281420279414488e+03
  -5.9035567853924840e+03
  -5.9286994944512671e+03
  -5.9150965088103594e+03
  -5.9704492919987761e+03
  -5.9115206519206022e+03
  -5.9440629886946708e+03
  -5.8964812977704469e+03
  -5.9323125127594958e+03
  -5.8778876283703266e+03
  -5.9200156424240904e+03
  -5.9041479475867582e+03
  -5.9228546516351762e+03
  -5.9405031533020428e+03
  -5.9627404544763549e+03
  -5.9541262578887472e+03
  -5.9545976183591329e+03
  -5.9601145798728321e+03
  -5.9445177276005943e+03
  -5.9635147930460716e+03
  -5.9856562655826201e+03
  -5.9716729770970651e+03
  -5.9752842448691072e+03
  -5.9738727241281285e+03
  -5.9759200514625954e+03
  -6.0232462782582079e+03
  -5.9804280089850854e+03
  -5.9258525039268470e+03
  -5.9377434220054738e+03
  -5.9970058229543547e+03
  -5.9806945298818664e+03
  -5.9805526125338783e+03
  -5.9965886038335930e+03
  -6.0210485214698265e+03
  -5.9756489151301066e+03
  -6.0089724982969046e+03
  -5.9795084390402953e+03
  -6.0412236160220464e+03
  -5.9693105201100461e+03
